[1] "robust OP regression for BALB/cJ mice"
$coef
[1] 31.3039152  0.2745099 -1.2941154

$residuals
             [,1]
  [1,]  23.186276
  [2,]  59.186276
  [3,]  21.500000
  [4,]  23.500000
  [5,] -26.205885
  [6,] -18.205885
  [7,]   0.500000
  [8,] -28.500000
  [9,]  -7.500000
 [10,]  18.500000
 [11,] -24.205882
 [12,]  11.794118
 [13,]  33.401964
 [14,]  37.401964
 [15,] -25.303921
 [16,]  76.696079
 [17,] -37.500000
 [18,] -25.500000
 [19,]  76.794115
 [20,] -41.813724
 [21,] -27.519608
 [22,] -32.519608
 [23,] -12.794115
 [24,]  26.205885
 [25,]  83.500000
 [26,] -36.500000
 [27,] -37.500000
 [28,]  38.500000
 [29,]  50.401964
 [30,] 124.401964
 [31,] -22.303921
 [32,] -19.303921
 [33,]  12.500000
 [34,]  44.500000
 [35,]  86.794115
 [36,]  77.794115
 [37,]  21.205885
 [38,]  -0.500000
 [39,]  82.500000
 [40,] -34.499997
 [41,] -18.499997
 [42,] -31.205882
 [43,]  46.500000
 [44,] -37.500000
 [45,] -24.205885
 [46,] -14.205885
 [47,] -36.794115
 [48,] -38.794115
 [49,]  95.696079
 [50,]  15.696079
 [51,]  14.696079
 [52,]  77.696079
 [53,] -31.205882
 [54,] 133.794118
 [55,] -19.205882
 [56,] -31.205882
 [57,]  83.480392
 [58,] 135.480392
 [59,] -35.794115
 [60,] -38.794115
 [61,] -37.500000
 [62,] -22.500000
 [63,]  -1.813724
 [64,] -31.813724
 [65,]  44.500000
 [66,] -29.500000
 [67,]  55.794115
 [68,]  -1.205885
 [69,]  90.205885
 [70,]  20.205885
 [71,]  -5.500000
 [72,]  52.500000
 [73,]   3.500003
 [74,] -28.499997
 [75,] -15.205882
 [76,]  35.794115
 [77,]  21.794115
 [78,] 104.500000
 [79,] -17.500000
 [80,] -40.813724
 [81,]  63.186276
 [82,] 237.480392
 [83,] 101.480392
 [84,]  19.186276
 [85,]   4.186276
 [86,]  65.480392
 [87,] 146.480392
 [88,] -16.794115
 [89,] -38.794115
 [90,] -20.500000
 [91,] -37.500000
 [92,] -14.794115
 [93,]  40.205885
 [94,]   4.500000
 [95,]  -7.500000
 [96,]   9.401964
 [97,] -36.598036
 [98,] 120.696079
 [99,]  16.696079
[100,] -33.794115
[101,]  33.205885
[102,] -28.500000
[103,]  80.500000
[104,]  61.205885
[105,] -17.794115
[106,]   4.205885
[107,]  57.205885
[108,] 135.500000
[109,] -31.500000
[110,]  60.401964
[111,] -29.598036
[112,]  92.696079
[113,]  57.696079
[114,]  42.401964
[115,]  -1.598036
[116,] -14.303921
[117,]  17.696079
[118,] -27.499997
[119,] -33.499997
[120,]  -1.499997
[121,]  33.500003
[122,]   1.794118
[123,] -28.205882
[124,]  61.205885
[125,] -35.794115
[126,] -35.500000
[127,] -37.500000
[128,]  81.500003
[129,] -35.499997
[130,]  -6.205882
[131,] -34.205882
[132,]  11.205885
[133,] -38.794115
[134,]  17.500000
[135,] -38.794115
[136,] -19.794115
[137,]  59.500000
[138,]   3.500000
[139,]  -5.794115
[140,]  33.205885
[141,]  55.500000
[142,] -37.500000
[143,] -13.794115
[144,] 108.205885
[145,]  84.205885
[146,]  41.205885
[147,]  77.205885
[148,]  67.205885
[149,]  -6.500000
[150,]  79.205885
[151,]  62.205885
[152,]  58.500000
[153,]  47.500000

$Strength.Assoc
[1] 0.06450595

$Explanatory.Power
[1] 0.004161017

[1] "Taking bootstrap samples. Please wait."
$test
[1] 3.621172e-05

$crit
[1] 0.0007216937

$p.value
[1] 0.525

$nullvec
[1] 0

$est
[1] 0.2745099

[1] "robust OP regression for C57BL/6J mice"
$coef
[1] 61.484043 -0.893617 21.351064

$residuals
              [,1]
  [1,] -15.4095745
  [2,] -10.4095745
  [3,]  -7.7606383
  [4,] 130.2393617
  [5,] -40.7606383
  [6,]  54.6117021
  [7,]  98.2606383
  [8,] -28.2393617
  [9,]  50.7606383
 [10,] -31.5904255
 [11,]   7.4095745
 [12,] -40.9627660
 [13,] -51.9627660
 [14,]   8.6861702
 [15,] -24.3138298
 [16,] -60.3882979
 [17,]  -8.7393617
 [18,] -33.7393617
 [19,]  70.2606383
 [20,] -18.3882979
 [21,]  36.6117021
 [22,]  15.2606383
 [23,]  54.2606383
 [24,]  -0.4095745
 [25,]  75.5904255
 [26,] -39.7606383
 [27,]  -6.7606383
 [28,] -44.4095745
 [29,] -30.4095745
 [30,] -64.7606383
 [31,] -62.7606383
 [32,] -25.3882979
 [33,] -21.3882979
 [34,]  25.2606383
 [35,] 107.2606383
 [36,] -18.3882979
 [37,]  -5.3882979
 [38,] -29.7393617
 [39,]  21.7606383
 [40,] 134.7606383
 [41,]  25.4095745
 [42,]  78.4095745
 [43,]  -4.5904255
 [44,] 104.4095745
 [45,]  61.0372340
 [46,]  -1.9627660
 [47,]  -1.3138298
 [48,]  42.6861702
 [49,]  -4.2393617
 [50,]  -9.5904255
 [51,]   1.4095745
 [52,]  20.6117021
 [53,]  52.6117021
 [54,]  -8.7393617
 [55,] -22.2393617
 [56,] -22.2393617
 [57,]  64.4095745
 [58,]   0.4095745
 [59,]  45.6117021
 [60,]  67.6117021
 [61,] -14.7393617
 [62,]  51.2606383
 [63,]  61.7606383
 [64,]   1.7606383
 [65,] -10.5904255
 [66,]  67.4095745
 [67,]   2.0372340
 [68,] -14.9627660
 [69,] -41.3138298
 [70,] -40.4095745
 [71,] -37.4095745
 [72,] -56.7606383
 [73,] -56.7606383
 [74,]  12.2393617
 [75,] -13.2393617
 [76,]  67.7606383
 [77,]  39.4095745
 [78,] -17.5904255
 [79,] -37.2393617
 [80,] -45.2393617
 [81,] -68.5904255
 [82,] -28.5904255
 [83,] -27.9627660
 [84,] -60.9627660
 [85,] -86.3138298
 [86,] -85.3138298
 [87,]  47.6117021
 [88,]  44.6117021
 [89,]  38.2606383
 [90,]  43.6117021
 [91,]  45.6117021
 [92,]  78.2606383
 [93,]  18.2606383
 [94,] -22.9627660
 [95,] -23.9627660
 [96,]  45.6861702
 [97,]  46.6861702
 [98,]  34.6117021
 [99,]  16.6117021
[100,]  51.2606383
[101,]   2.2606383
[102,]  46.7606383
[103,] -54.2393617
[104,]  34.4095745
[105,] -44.5904255
[106,]  15.0372340
[107,]  43.0372340
[108,]  75.0372340
[109,] 123.6861702
[110,]  36.6117021
[111,] -21.3882979
[112,]  24.2606383
[113,] -63.7393617
[114,]  29.7606383
[115,]  60.7606383
[116,]  80.4095745
[117,]  16.6117021
[118,]  98.6117021
[119,]  93.2606383
[120,]  15.6117021
[121,] -13.3882979
[122,]   7.2606383
[123,]  70.2393617

$Strength.Assoc
[1] 0.3559697

$Explanatory.Power
[1] 0.1267144

[1] "Taking bootstrap samples. Please wait."
$test
[1] 6.666987e-05

$crit
[1] 0.000123491

$p.value
[1] 0.132

$nullvec
[1] 0

$est
[1] -0.893617

